9.693781576978759418e+00
7.151103517854934033e+00
1.175985586504310376e+01
7.306598382508425971e+00
1.763978678434697400e+01
6.232827016961579147e+00
7.641506154909434301e+00
8.102510140827533291e+00
8.745069931162840149e+00
6.342153985812225336e+00
5.428110255620176794e+00
6.736643617876319823e+00
8.237422578014145458e+00
9.508333830920257412e+00
9.062517300405891874e+00
9.591356554658016620e+00
8.691572785066819407e+00
1.247198199188339807e+01
9.101544774743535626e+00
9.513534019316729484e+00
7.463755451166182553e+00
1.112925171810246994e+01
8.374923522194325898e+00
6.978072109860555372e+00
6.055626875969605472e+00
5.814823310000373446e+00
1.480265577765480955e+01
6.108707647528184737e+00
1.412265764748987351e+01
5.396917102570551350e+00
9.757771150040060348e+00
7.954259403907308901e+00
7.629078534429669212e+00
1.115926734338937720e+01
1.040680308730400760e+01
1.257420441012688173e+01
8.408145241678653292e+00
6.810432302218037748e+00
1.023888406869169643e+01
5.720840517871752517e+00
4.676885518945685938e+00
1.254656686313310132e+01
6.608367522331730193e+00
8.739411794868955141e+00
1.510511326759203321e+01
1.030474564786453762e+01
1.007309894690924423e+01
7.427285493930699367e+00
8.155209308593995843e+00
1.191867935897040809e+01
7.628240648489109432e+00
9.086687430542310651e+00
9.995572099650445352e+00
6.375506169060966677e+00
1.352620839269491171e+01
7.653271165041279467e+00
6.847973960392725878e+00
1.021931600961056574e+01
9.571376851867322344e+00
9.908420833482530554e+00
7.268866873982960719e+00
7.938922759141815888e+00
1.396039662286449001e+01
6.570143185365255434e+00
1.624988616824579069e+01
6.464821126374090454e+00
8.426843510886792288e+00
5.668414016838910108e+00
1.309353118869190169e+01
8.385882613410680975e+00
5.718180565540314397e+00
1.418641391257938089e+01
7.913776614458338798e+00
1.042447248688651129e+01
1.309232400847495903e+01
1.371362435337781882e+01
5.900253499328286466e+00
1.220639259994766057e+01
7.015076533152980076e+00
7.007603759654651654e+00
1.089494990103419525e+01
1.105156142147605536e+01
1.494096023493712089e+01
4.898247911389962184e+00
4.890707666022247047e+00
7.900697664289855204e+00
1.990337750898972402e+01
4.024170188998774655e+00
1.576434406386037246e+01
9.182128729510468546e+00
6.059483677017021286e+00
7.008661287952940633e+00
7.694778435259464366e+00
5.907642886585872333e+00
1.501002712768492486e+01
7.349715037756565650e+00
9.154841028444719697e+00
9.056935984534025152e+00
8.820510515747063351e+00
1.540480040348725055e+01
9.934948697527767436e+00
1.773429589719738431e+01
1.105442069499167879e+01
1.215988350214029623e+01
9.241695407477356738e+00
4.296018580506292039e+00
8.834058249872446922e+00
6.837555899913391855e+00
8.590020697234004743e+00
1.026977468696373208e+01
7.993074397500310013e+00
1.007293892504736554e+01
6.288871269802510433e+00
9.908352469718160194e+00
1.331170455435630906e+01
1.763632299020405725e+01
1.373459837761107316e+01
1.205065211773961487e+01
7.748572605645486888e+00
9.856083989797193468e+00
9.146242833411104556e+00
1.105830421844789413e+01
6.007325888777681477e+00
8.894931370640080104e+00
6.129747729897665032e+00
1.291281415983697300e+01
1.239909641195866818e+01
1.366956682404098444e+01
9.127217360753226316e+00
7.476617252945330527e+00
5.121745806239585086e+00
6.221823743794526962e+00
6.001402665219697674e+00
1.484999750940719743e+01
9.498670074739195002e+00
1.276096116383059709e+01
1.682053875305853197e+01
7.091447839085805782e+00
1.025221824866043541e+01
1.213914589414033962e+01
1.348134389418660284e+01
1.039623597034798586e+01
1.453984038354241548e+01
1.052225915111060317e+01
1.771557134834189995e+01
9.410539942509965172e+00
1.532897082246647180e+01
1.213573158732643442e+01
5.403653465013316115e+00
8.867334256837946072e+00
8.408020246907046413e+00
9.014325102636444598e+00
1.507946032430089112e+01
1.250315011785053265e+01
1.201805325914499178e+01
6.829075106082689750e+00
7.593779471070869036e+00
7.968560157560072632e+00
4.927400789023607786e+00
5.296095804127817885e+00
4.699808903859000964e+00
9.154288778233658164e+00
9.046836361670578697e+00
8.135894182410188691e+00
7.413642334777910570e+00
1.148109670853963493e+01
1.476246435908905497e+01
7.792818537748361862e+00
1.118462934069212444e+01
1.078963803621463491e+01
1.539180977530231154e+01
1.001694567223454868e+01
5.316716482001272226e+00
1.150247090178943843e+01
1.587619592356412745e+01
5.936909183239156285e+00
1.661100750786261671e+01
1.284620026733276887e+01
6.134846548111212883e+00
9.212255772532342846e+00
1.492681683848717178e+01
1.399506851149772935e+01
1.026625773771006145e+01
6.643862278439085500e+00
9.977759862203788188e+00
8.789543316198528800e+00
9.069001873741367348e+00
8.448855644260081732e+00
7.890262153701644188e+00
5.359917814319575591e+00
1.029502200000868051e+01
1.368440957611888642e+01
6.874311281871959167e+00
5.877306986500722807e+00
6.592536429829942257e+00
6.943090629615308984e+00
1.234936021899146041e+01
1.143630255385492411e+01
1.137336957106121105e+01
1.283530449414126728e+01
5.635047724649140832e+00
4.321928589625686712e+00
5.702756654917275014e+00
8.863066446683482980e+00
9.021190570012834087e+00
6.814897220520588661e+00
9.971588280704645868e+00
7.043592151683430558e+00
7.617726674658650943e+00
6.793969592086516407e+00
1.034724082438246029e+01
5.816946386856683304e+00
6.839019050217067353e+00
7.767134123804765089e+00
4.979118649694592946e+00
8.986401825560809797e+00
4.961898748972204842e+00
8.444423991174820898e+00
5.219599438150117621e+00
6.640041383686693166e+00
9.237289881840421657e+00
1.419519512832476948e+01
1.225726810131749289e+01
8.433349289531768989e+00
7.533708226284612230e+00
1.109222341945003265e+01
1.149328991914550357e+01
8.279428331890105852e+00
6.298991771792104899e+00
1.095180964585773964e+01
8.702887142423964661e+00
6.466980340325347854e+00
1.121784287515661305e+01
1.188238497475777500e+01
5.675318940175082538e+00
8.544226334228147479e+00
6.016204556526974834e+00
1.101238451391559714e+01
1.009308577402550000e+01
1.893018632513994959e+01
9.382435166994367748e+00
6.412080348695173626e+00
9.816493096046501776e+00
8.846790508025694777e+00
1.086874112397599212e+01
1.111209294202615006e+01
9.032400671274887216e+00
6.743645042573933601e+00
1.192023931935245251e+01
9.622175028238876493e+00
