2.869274517292670357e-01
6.928359249167412859e-01
1.807534837168372488e-01
3.528448775830315964e-02
1.054210203120196088e-01
3.650113284188040430e-02
4.364157903927331009e-03
1.969824175753725690e-02
8.906198103577265407e-03
3.406117353570618511e-01
6.049746438435314039e-02
1.105627461557046401e-02
1.715799400520348073e-01
8.942787191333340102e-01
2.246054165567187150e-02
5.282432842360087165e-03
2.562737394377210265e-01
1.476280294163956602e-04
2.270339189012255624e-03
4.486819622261404295e-01
2.819711643944747799e-05
1.785007510501932515e-01
7.873760211577226055e-04
8.963362234482805460e-03
4.549736110705208535e-04
1.783361824962025333e-01
1.042264329908369931e-03
4.311677846697334338e-02
2.422483790676019724e-02
5.012339992094295704e-01
2.097402843523728244e-03
5.939753054410331148e-03
3.422386931219951745e-01
1.017052949533430703e-04
7.868874357151124307e-04
5.238221586882215938e-04
2.975174036069308872e-02
2.579015042573928884e-01
1.995354674871429451e-02
1.168851156482502984e-01
2.090541309070125670e-02
3.224021964084244169e-04
5.921075286460826016e-03
5.051825065584147206e-02
2.958638429982849219e-03
3.309992181696510584e-03
5.011882754615044622e-01
8.729663188482186809e-03
1.148721959630994143e-03
2.934351137053229919e-01
9.111052251321906104e-01
3.799478409327489842e-02
3.578724767368328744e-03
7.368819579409281451e-01
4.485913116860468786e-01
2.365051317098870558e-03
2.464617635484690761e-02
1.418630350426494310e-02
6.192571552641295803e-04
1.480084358856837215e-02
1.061371751547519801e-04
3.270662886253555054e-03
1.502389863019681741e-02
1.903376895079079423e-01
2.679122654559242022e-04
7.537899559804797089e-01
5.891860902914008817e-04
1.233276564900577217e-03
3.223993471642432052e-02
5.236292699287323389e-03
4.825026338432308708e-03
5.684638384659165822e-02
1.718014624432499110e-03
2.098784427359825511e-01
4.543448902777563747e-01
3.438291074511612270e-04
1.376098897336318827e-03
5.427718780266578341e-04
6.087234913919489961e-03
1.838704128206251898e-01
9.661213038672222808e-01
1.269870122724267025e-01
3.221535830907477135e-04
1.714450685512018853e-03
1.652496062629125833e-04
8.804075930768564401e-03
7.278122410112911056e-02
4.166462877343645008e-04
4.275406366216497923e-03
2.255784439611363199e-03
3.067972564037531047e-01
3.549370835999138829e-01
1.182241754020547930e-03
2.731651962709789796e-03
9.776974750886373577e-01
7.399429165626590921e-01
2.347987708427698341e-04
1.738962387571726595e-02
1.405983431915188266e-03
1.459803946137531727e-01
3.461705607864543240e-03
8.754398489520981430e-02
3.131069517590317486e-01
1.600991367820142619e-02
1.800770491949216928e-02
2.407165035990885792e-03
3.844072639014960331e-03
7.486311981099613060e-04
3.488333264948166590e-02
8.781039724276311700e-03
1.280142156000564913e-01
1.429122548559733238e-04
1.673136570800640242e-03
7.320029174586059617e-03
3.424002827884326054e-05
3.687972945801815637e-03
2.343623195178748397e-01
6.689261478249961832e-06
1.783521651743028708e-02
6.394311935993370888e-01
9.863030618985604478e-05
2.260873296259828351e-03
3.735135189964627466e-03
1.799572986712567324e-01
1.429087242477161679e-01
1.497636246644231672e-01
5.712571144742067952e-02
3.518955452091037661e-01
1.998274557024897966e-03
2.319734566087892913e-02
2.456025114202712960e-03
7.902120994845438992e-03
6.719983755160096051e-01
1.693638728029276883e-02
1.160219954679230642e-02
7.181132192489690647e-02
5.427305632679980561e-04
3.750190817748589450e-02
5.606269124472605659e-05
6.925847013721576125e-04
6.259879200679916789e-04
7.143278708514821940e-02
4.271368948420746492e-02
4.498534171710468973e-03
3.690349985390464966e-04
1.975314631461726482e-04
4.768514310211148174e-03
3.933004221129327883e-03
8.809691820504019898e-04
2.742918427062454242e-02
6.737980368405226128e-02
4.081851411278349459e-05
3.573478747506952762e-03
8.449287176347525382e-05
8.178568258625662502e-01
1.616680430536591995e-01
5.788790322061388230e-03
1.105235539840896491e-05
5.110671192658959756e-03
1.605144917243221236e-03
5.188729524962193418e-01
1.677768580188951407e-03
7.457327265947474306e-05
3.054515003695083483e-02
2.462740745427481181e-03
9.206954573678332032e-01
4.478434434559305094e-03
5.157884717306635697e-03
1.440187681936649760e-05
7.129354440914472540e-03
9.527726473763360390e-03
1.904239060340020412e-02
5.668003487970386667e-01
4.277121194682897455e-03
5.069237895484081102e-01
2.959618078693110887e-01
6.112971595157232763e-01
5.848917571854594932e-02
1.177551837917281130e-01
8.556198850395361002e-03
1.470723508522234040e-02
7.744221708981860464e-02
6.121506821662218295e-02
6.120620561272093266e-03
7.542501342804562858e-01
1.990639721090700382e-03
4.975988037233628489e-04
1.324966972743674698e-01
3.563865967854197656e-03
3.710791674254576393e-03
1.388151322482124945e-04
2.182048600494188723e-02
5.158816691772326150e-03
5.890362298107610544e-04
1.581483211318095439e-01
2.342096839648914850e-04
1.016639531140750043e-03
3.045595513137211996e-01
6.549867625473748678e-01
1.617801016242999546e-01
6.647296561652478453e-02
3.297504439872084997e-02
1.308200503139341983e-02
3.883865287007411821e-02
1.615531489075694785e-02
4.446635187176755655e-01
2.562113820006730602e-01
1.344204300927236417e-01
2.572566594045710281e-02
2.134738124830449363e-02
2.672057978603108088e-03
3.029572883228891434e-05
4.107522872784531015e-02
1.079963226931365677e-01
1.443705434842441349e-01
2.333327903825783978e-02
6.836361760159512246e-02
4.004764900945086831e-03
3.870755058007092214e-03
5.563072988362863791e-01
1.050674147690688030e-02
5.969615814297328515e-03
2.875410777848318167e-02
7.072113884338344838e-04
3.514973448003172463e-01
4.062564459247783866e-01
3.296012940856019036e-01
1.470606042126186737e-02
3.659605964206611925e-03
6.493252259508995594e-03
2.149240306083120278e-01
7.607362022054577066e-02
6.683814240203474026e-03
4.878078089265496659e-02
1.780079438922720081e-01
1.407236156244932000e-02
1.960936507405864129e-02
1.790839370905541739e-01
4.095890226337774165e-02
1.902805034946631994e-04
3.757914326746072953e-02
3.759436303059537909e-02
8.764552800960832488e-03
1.608447407651186073e-02
8.464842025857455265e-02
9.886383898936583758e-01
2.873563815978587566e-01
2.481286821216992233e-01
5.079250839166819104e-02
8.186984695049158434e-02
6.236589254912161540e-02
6.369822173417040156e-01
6.290345347425444020e-04
4.494040620158217675e-04
7.786137101581099701e-03
7.123552500693237921e-02
1.167651944746272430e-01
1.331040172476762561e-02
1.753034407392483566e-03
9.747296926847045557e-06
1.159650873756839021e-02
1.306589736948966796e-01
1.676977763905697176e-04
2.618863323924838782e-01
8.326046198384101649e-02
1.028417766312463011e-02
3.903248573414104831e-04
6.107151620566196870e-01
7.709597542622423361e-02
1.337389410781410042e-02
5.273407853142617757e-02
8.939813270495184858e-03
2.786799440914913915e-03
5.226462152111616827e-02
7.831155497619621958e-03
2.364514094168933267e-02
6.623141043273847450e-02
6.531710745608292346e-01
3.713362642016986506e-06
9.300436566170415531e-02
6.545939800566880074e-01
1.337245831981045685e-01
1.004340588203944395e-01
7.176817361609785784e-02
6.711493755275863005e-02
2.899867536967962699e-03
7.369950972841816661e-01
1.790555507474094754e-01
1.738347290313621285e-01
8.813971348706806791e-03
2.817047490821349425e-04
6.664032210411810009e-04
1.221252324384834165e-01
2.818818292413068430e-02
1.534437662192653373e-01
1.095315153025650689e-04
3.409015446155930773e-01
1.258602061718504164e-04
9.282133126698590558e-03
8.644083169199128988e-03
1.058651451770065144e-01
4.537080368725619484e-01
3.023843195490623272e-03
2.374726211523474698e-02
3.442053967518974699e-03
1.008900222692841049e-04
5.659825370662148469e-02
9.162913796101521471e-03
1.309401245181149483e-02
1.025410447485266977e-03
1.857662288624137292e-01
4.170751870313732317e-04
4.578591638559147831e-02
1.663704577895310233e-01
4.203083599741835467e-05
4.079222021407661637e-03
2.057370000693771184e-01
4.703690296953820862e-03
2.406834209895035450e-05
1.949901514809388239e-03
4.799891846603973611e-02
1.901570327396957631e-03
6.192109536777009593e-01
2.283840864453985913e-03
2.311017887940117546e-02
1.264657937671325241e-02
1.909414561597365043e-02
1.307683010906742762e-04
1.563483776469079198e-02
1.623725546444351187e-01
9.677859839236331932e-03
1.350516984065535612e-03
1.180853085966157151e-01
2.057641126390305530e-04
1.876524657076985014e-01
5.027489249298980889e-01
5.594651423475599386e-04
3.018786607240924483e-05
6.294162354753489730e-01
6.678539623156893867e-01
3.250171743380030135e-05
4.610954714723546630e-04
9.699180342442789704e-02
3.285428767981108354e-03
4.905710612490135070e-01
1.707168599855726498e-01
3.424985466958845315e-01
4.649512775226070094e-01
6.751165711808492231e-01
8.309955254924637769e-02
4.406826041843524711e-04
5.069344106877574641e-01
7.229387592367803885e-05
1.780707562704001920e-02
9.460110887283236236e-01
3.184568451620800600e-02
9.420165413924728171e-01
9.563016057379968016e-02
1.050743860912343591e-01
6.697102694450889654e-06
1.946216459896235002e-05
2.605569143765842366e-01
9.969318571171507104e-01
6.015823682239330727e-01
1.357626379975254618e-03
6.976020300199533945e-04
9.520243476745867024e-04
1.640854530347668483e-01
5.714602282117690057e-01
1.510805414163383757e-03
1.928632269158020440e-01
4.444650968192847412e-02
6.959805846318726230e-01
1.187881185773380308e-05
3.487651757819703723e-03
2.369308194264172060e-04
1.539895895426132422e-01
3.400529071569845241e-02
9.873360385524072164e-03
5.973476346718672447e-01
2.164686037824764819e-01
1.057975580171580977e-03
1.643308817096209573e-01
1.211793600747606420e-02
2.545565175659190715e-01
9.980896459694341694e-01
1.010834536315129324e-02
4.927081367232067710e-04
7.678875674996885614e-01
9.713390322678747690e-01
1.819673563930004423e-03
4.018054942496588114e-04
1.054365990156733435e-01
6.534987186163936611e-03
3.160558658363200272e-03
2.691165145616390419e-01
2.160899807903486625e-02
3.432763328562277172e-02
3.183264644233738810e-02
6.379939517153537798e-02
3.143393907577484159e-01
2.651223008827963690e-01
1.697245617775100664e-04
2.845282574326605564e-03
1.366773267695034434e-04
9.892868470152341165e-02
1.489255323294381150e-01
2.878461751764479354e-02
1.358857230789981829e-01
1.360316097827127257e-01
5.375097101905497617e-03
6.182091349855859536e-02
5.880751031379531923e-01
3.974904935496114192e-03
6.206687992287886202e-03
1.178317727335026210e-01
4.509858587805707919e-01
5.748028085686575535e-03
1.431544841571567514e-02
5.605485238332651686e-03
5.429201334915145782e-02
1.397099335361814011e-03
7.082748357071939546e-03
2.234888672973295884e-04
2.641478688689086283e-03
2.554339380266360589e-03
2.968445053382708088e-02
6.905893876917521858e-03
5.915043705799915078e-03
9.372833033138299186e-01
9.711578540601604193e-01
4.327903785164038952e-02
1.088943607289805553e-05
2.214124671002355021e-02
2.442867103549353769e-02
1.855132801397817253e-03
1.427815395296700915e-02
7.087617425264089999e-01
1.816088859928944666e-03
2.732443657276476534e-01
7.067595241151317098e-03
1.518520115101215096e-01
4.430994870339014565e-04
3.921071212666720623e-02
1.771670606733265771e-03
1.201922050514585977e-02
2.602996557725680959e-03
2.163755316436186127e-03
5.596992333963912800e-04
7.610486395749350985e-02
8.076814980067520411e-02
3.116402379894044894e-01
3.328223469078003816e-02
8.678564827973803825e-03
4.448707127272600974e-03
1.530997308459216277e-01
9.374561170711099845e-01
6.552835438315454675e-02
3.731306143445798501e-02
2.122437073885496701e-03
8.717655200032538645e-03
3.933449615920227294e-02
1.589090389155836669e-02
2.231765705775936529e-03
6.194022020618469805e-04
2.493502863590462901e-02
3.706958140605884572e-04
3.604219099202713578e-02
7.957850856833109665e-02
1.087961440168347003e-03
9.732557090083834850e-02
9.708450335086228622e-02
4.379691383459361279e-04
5.150427600278832457e-04
8.420914733955307818e-03
2.240014088669792791e-01
2.074295332712155701e-02
6.427768225689657611e-02
7.267770085170231764e-03
8.149197358594873798e-04
4.698210384763496644e-03
2.960624156886001394e-03
9.566446241596803044e-04
1.408112545186172675e-02
7.808083916166576044e-01
2.156045168087799418e-02
6.611228955660184044e-03
5.038431139626863287e-01
2.727613996197125485e-03
1.213391219505370150e-04
8.307981782173623486e-01
1.712764078108274801e-01
1.040377649561758516e-01
2.093767235109681712e-01
1.109626316477676860e-04
8.783652638156584300e-03
5.958968034263252209e-03
1.311791613270694296e-02
8.401852110513476912e-01
7.261397676270086373e-05
9.622201990156386067e-03
8.665997167278290114e-02
2.017141123850320350e-02
2.293230131680673104e-05
8.646839235332342069e-03
8.444002745714855899e-04
6.622015562731502214e-02
1.621997024604894186e-02
2.129204767238275231e-01
1.184219136301170872e-01
5.261383373021034648e-01
9.492900472051921668e-01
2.703786324939390188e-03
8.000535510112039006e-01
1.956994992128062785e-02
7.338883626670874086e-03
1.170849753673820466e-03
3.240235982654673832e-04
3.393383669241952783e-01
1.325743270096180551e-04
1.222102719610834026e-01
1.127411039016108785e-01
2.026827488381183207e-02
2.903022046634582409e-01
5.102679341096788557e-01
1.045919696390114383e-03
1.780242989266334896e-01
2.134677954030670137e-04
1.485393624628791642e-05
2.152673976380666768e-03
8.299093864616725880e-03
1.296815903013331245e-02
1.439335746470819105e-03
3.594296817412848677e-01
2.444496857591846491e-03
9.739715623003305511e-01
1.405451197015064905e-03
7.711499139551784322e-03
1.016577461783358142e-03
5.931171413419553638e-03
5.121437624975285017e-04
4.119634485160547088e-01
4.255585079745217471e-04
5.477211847234131868e-03
8.521578392038371419e-01
8.451900010520182853e-04
5.201350619138455332e-03
1.456931230877592243e-01
1.114801570918386303e-01
1.192589029974683822e-02
3.088766788286495708e-05
3.469088005885027112e-04
2.948575722549531125e-02
2.766847456064049277e-04
6.342596566693765522e-03
2.031013579292040034e-03
1.691359015962564088e-03
2.047177870297060397e-03
2.361697346563943617e-03
1.124367991423105752e-03
3.878156774303287511e-04
8.567779844330282446e-02
2.638173710059190658e-01
2.761608478432179539e-04
8.404904926066834037e-01
1.224303977295250478e-01
2.267299693331386104e-02
9.356973979384617876e-03
1.010932642882475963e-03
3.952554068062399395e-01
1.672533865937168157e-02
6.355771458728828871e-03
8.874406306702820307e-04
8.106048967251049397e-01
1.210771536186036890e-01
4.035815004422377977e-02
3.231854883803734774e-03
1.113424256597716705e-05
2.798869614620196414e-02
3.093506992144940630e-03
1.329748937177859794e-03
2.791316535389793112e-03
1.067220477033410458e-04
2.416177013963450859e-01
3.083093330476296794e-03
6.512601216914476465e-01
1.333917414529803558e-01
2.392910585224542475e-01
2.561446706828741579e-03
3.073870330955208105e-02
8.275761420605114438e-01
4.045439435375930252e-03
1.842535064587138421e-02
8.770134218187468633e-01
2.775024451932384464e-02
2.308604738721334499e-04
1.865490876964395472e-01
1.689089436147237291e-02
4.435695316119749737e-02
1.167285601507563192e-01
3.166794965685337804e-02
3.035408683349471700e-04
1.266690750441415176e-03
1.650407916035435962e-01
6.450188422977730651e-01
6.473665258850826165e-02
6.114861796992872821e-03
3.514115950476887074e-02
5.267317689393315530e-03
1.902225180637496290e-03
2.369364727026333772e-01
9.676705493275058467e-01
5.129798467811556070e-04
1.345430090624350091e-04
3.072894779250183537e-03
8.593453432956376509e-03
6.466735024063654212e-03
3.081061147087563764e-04
5.167546192440840985e-02
4.292577353102477455e-01
9.604080216858901231e-01
1.011547220754953390e-03
1.515597411102936887e-01
2.220286965808181828e-04
2.480914226123112284e-02
4.739597031357418999e-02
1.268131580955318694e-01
8.714474256241339090e-02
6.216139517198177034e-01
1.283500716977388836e-03
7.090470510616694519e-03
1.527445675946036488e-02
4.102125989719682675e-01
1.990888026912831946e-04
9.344453591270318257e-03
1.370209978150969828e-05
2.122812770319865150e-03
3.382121696808862866e-03
3.288000355598810504e-03
1.839691624850562420e-03
3.514439127143949015e-01
1.255662447304534964e-05
5.757694824100405978e-02
5.366907539067966235e-04
3.591476002155236102e-02
9.349829581225440863e-04
2.254106031197660176e-01
2.550473977484462584e-01
5.410962837163164618e-01
1.089239511757405642e-03
8.323870803921421535e-01
5.195471291634997657e-01
5.449168709957448176e-01
5.330871091480448264e-03
7.012161349723863291e-01
2.491790709452432369e-03
6.880805501750759667e-01
3.110886922646998246e-02
3.461134529133319884e-03
2.633443796371773462e-06
4.661572204132502679e-03
3.985184757645970216e-02
6.137002829048147749e-03
3.928305394554783003e-01
1.240876703939838704e-01
1.573772277441562104e-02
1.331607456030023699e-03
8.864119967871898764e-02
8.139772009020500299e-02
2.525377099830311001e-01
2.133320671794073642e-01
1.869457479523676524e-01
4.246993487914666465e-01
1.353485966805341705e-03
1.050136590154027551e-03
5.005041952699148524e-04
6.905018215242601787e-02
6.597210513518495523e-01
1.193001596347658400e-01
3.151727630175266137e-01
1.359580752204933574e-01
4.286487041924121250e-04
5.065641926326871179e-03
1.988069122087821397e-02
6.798358931741371736e-01
1.875395149329705038e-02
5.753203449184726148e-01
1.157254416422370813e-02
4.054346381800919691e-02
1.084470331299599959e-02
3.069283356806726260e-01
4.727148605150188754e-02
9.788202132687801038e-02
3.210346099163361444e-01
2.122571891714936012e-03
6.161501183000058640e-02
5.271088229663692740e-03
9.686344773329891983e-05
3.749112890155732085e-04
1.632349575397804876e-03
5.561215842979364476e-04
3.721399720806708306e-02
8.556446917618924786e-02
2.259694616041327785e-03
5.569832270694995840e-02
3.002315514485027256e-03
6.453161032197284042e-02
4.423451411903854893e-03
1.356176983382955947e-01
3.874509212657394671e-03
9.996587140726540532e-01
2.161797761916243663e-03
3.937954708417772489e-04
1.398369035054464757e-03
7.149377233258064068e-03
9.823106113245292370e-01
1.081385739433062118e-03
2.781590172770361247e-01
1.005398028223379037e-01
3.916448367592869628e-01
1.560361381227668431e-01
1.812365509639501104e-01
1.998933944443547772e-01
9.620195130841606435e-02
2.322930109152521183e-02
3.936924928664074959e-03
2.622828533178789626e-02
1.479854969995831326e-01
1.341961305200494448e-01
1.296845048613183603e-03
6.363049359105530864e-03
1.154077692091401257e-02
1.742063178131671123e-05
6.280851449806645545e-03
2.239401365255479504e-01
9.906577264071243782e-03
3.594561603473429671e-03
1.011023611990082421e-01
2.634993647055390298e-01
8.960462465911679664e-02
1.870219722265610007e-01
2.333954506496244532e-04
1.252889316681316534e-01
3.963676896088006926e-03
4.968370051399285253e-02
1.223862031246680630e-02
6.168926261762415486e-02
7.855703403011500274e-01
2.401793588660024528e-03
9.006745116544992436e-03
2.979264174005720120e-03
5.737071749874814719e-01
3.160287797901723114e-04
1.771384306951565707e-03
1.650706904012972098e-01
9.080983783250705767e-04
9.352570183398448700e-01
4.070571552992569564e-01
1.867572642332526456e-01
1.072994270907337566e-02
7.301521658344665294e-03
3.453806223501663247e-02
4.158165318532729970e-01
6.690865815129751670e-05
1.943283320007017229e-02
4.538559309611289727e-02
7.709928850585306970e-02
6.359939933140099262e-03
1.430558028958038921e-02
3.814576389766975995e-01
5.006193045031869238e-01
1.943926727264957965e-01
2.693295556312306771e-01
7.748345329973795916e-05
3.444393960567791019e-04
2.390142583571424131e-02
3.363799548094737468e-01
3.722727608211912585e-03
9.215859277294627394e-02
1.424936811204056530e-03
1.394621481103543474e-03
1.478404834464580424e-02
2.402432652128790036e-01
3.484112549393143105e-03
3.775008718226811888e-02
1.376930199351368220e-02
1.420062152775869446e-02
8.544623520226779945e-05
4.916727012776677674e-01
9.774769899577218264e-04
2.850634745635580169e-02
2.585457744917978723e-02
1.806668508424897346e-01
1.157484036934196409e-01
2.286399075308760964e-01
5.767624723829735400e-02
9.169708215861375805e-04
1.805181480507813130e-01
3.981304872108166332e-02
4.717260650323187691e-03
8.960559551898722517e-05
2.246123490630470843e-01
5.875985063858761570e-02
1.308398801591715774e-02
1.280730988271187431e-03
2.035992606942428585e-04
6.833330959635389723e-01
6.260657816945280939e-04
1.829089166556787619e-04
4.419607588215207863e-05
2.545850174336600213e-02
2.479035828306383471e-01
4.299189075605659022e-03
7.941073670983455068e-01
1.918839765336271541e-01
3.272669237052153873e-02
3.470827012171705597e-03
8.661398117111060446e-02
4.914563455847603679e-02
1.780891103420559063e-01
4.354072940592223356e-02
1.884078149630671190e-02
6.956106665812420431e-01
1.558737579920412009e-01
1.419643904606774742e-04
1.228626735590498476e-03
1.819820028662787409e-03
6.351050455129732307e-04
7.804414280127763837e-02
5.410230696544710646e-06
1.672709878306928143e-03
7.048072554486113639e-02
7.151973866911348621e-02
9.655437916891325134e-01
3.628782845180029797e-04
3.123930770646076490e-03
1.244952377629041877e-03
2.718658851801440882e-05
4.408708917650050463e-02
9.593637527067438997e-02
3.551822474450078994e-04
9.867520481901529417e-01
8.079674688989895532e-04
4.985330560955534467e-04
1.613513596300648542e-02
9.954262483907759529e-02
8.885409662021255886e-03
3.512988355181522193e-01
2.956969410911736151e-01
3.222567487798798369e-02
1.393219063115861507e-03
1.325765043099968272e-03
8.082113032878881619e-04
2.613608849621815722e-01
1.107079761052044697e-03
2.158435565914997717e-02
3.862806216335793602e-02
6.923600706686208195e-01
4.213808336120128395e-01
1.221536700529730554e-02
1.913880488098669286e-01
2.609713370214345254e-02
9.120109950556527095e-03
8.330026433336246584e-04
6.720176365589119322e-04
2.062997590650150759e-03
4.955340348714249998e-01
9.807536619151213664e-02
7.404810246668244722e-02
4.111919130698091229e-02
4.635276448411226359e-03
3.711002383533621440e-01
3.823118932072692815e-03
1.313483081685745332e-02
2.297075990108975695e-03
1.201001255729547499e-04
2.119948317945061916e-02
1.808428375088691755e-05
1.161706109150075676e-03
2.757496473181786367e-02
2.877003301086728665e-02
5.332836286554162170e-02
9.799231787041614433e-04
3.072934110898795177e-04
7.907288623450338394e-03
2.915713215505322600e-02
7.133475597970121429e-01
8.384046254300626597e-03
1.479964527876129025e-02
2.245788333163079562e-04
4.206676672292607340e-03
1.293558528066346880e-04
1.926044142195871200e-03
4.514591363859922490e-02
3.700456192771597874e-02
2.634251913573745218e-01
5.376430384946855323e-01
1.281698575720364129e-03
2.670923229643653012e-03
1.475755240124678180e-01
6.076630720815903719e-02
7.003928662097948926e-03
4.172647049477001845e-04
5.245544078105180948e-04
5.013977874449689065e-03
1.261111722308077068e-02
1.350903601402603411e-02
7.251260271987748640e-02
8.068457566093294453e-01
5.057211998502403327e-01
5.032736658717532757e-02
2.270095857036264625e-02
7.227826142786396291e-02
3.867370185260068943e-06
4.044311196276200726e-01
9.528667256138338981e-01
9.127525013306931889e-01
1.513881430591366151e-01
2.015397401782242502e-04
6.853223732633944264e-03
2.546545794712475053e-02
5.184013442405877026e-03
4.126738241454470479e-04
1.657692381374643587e-01
1.936922670261827153e-03
4.972774307443532556e-03
2.037399839288550965e-02
4.642369044801174412e-03
2.839539825024709266e-02
6.586640178421736963e-04
1.381248598824609819e-01
1.017069092649443285e-02
5.427659305138809662e-03
6.103584728390164527e-01
9.011087889772302351e-01
6.621441542597124308e-02
4.458044230755500194e-03
6.725855150763732082e-02
5.892012472278458196e-05
6.213798670793156953e-01
1.286216054627043739e-03
1.454990930267382743e-01
5.209489713806436662e-01
8.415057367498463003e-01
3.290445098532270799e-03
6.292018484176123971e-01
8.499661604368484447e-03
5.046203587554144851e-04
2.443860495361540458e-02
4.358213477113206469e-04
2.477932593657033444e-01
1.992070442288756333e-05
1.996546600280485560e-04
1.687443273193453433e-04
3.885306100144201571e-04
1.884987043711283368e-03
1.022006365525351956e-01
3.955983758067260075e-02
2.178360074963143767e-01
1.772682726941344003e-02
9.173150312001092654e-01
7.583041212219730764e-02
8.948189325337716892e-04
7.219192085124354107e-04
2.470868176985543951e-01
1.087985274817047021e-04
6.369380221502895026e-03
1.683514017802070035e-03
4.275857566754337024e-04
2.197065616825389645e-01
3.167283363793527650e-04
3.235648873787083102e-01
1.571568856214037857e-01
5.869021867490761823e-03
9.265531259902853606e-04
1.424923628789485919e-01
2.796602242315783804e-01
1.927955059266680746e-02
5.417527252058809695e-02
1.408377483712725670e-02
2.129810585777811450e-03
4.646131019229888040e-03
6.137976078252075024e-04
3.859013437617234143e-02
1.178547772138902787e-05
1.440512404491219034e-02
1.877198589000384497e-04
5.701430650566292196e-03
9.350774332742644024e-01
3.601564972543021270e-02
8.139353208924015454e-03
3.623942982800915850e-04
5.912954578659455201e-03
5.418423939555274543e-02
1.842796958473290813e-03
1.911719406837527474e-02
1.217686581823471947e-01
1.795204578866498903e-04
5.938756483100499778e-02
3.072102427038169159e-01
9.968365726061547694e-01
9.303779605751804072e-01
9.901667600827136484e-01
9.870202645443345579e-01
9.904881018170302864e-01
4.723515112270762484e-01
8.341822535368971225e-01
9.004440165737632729e-01
9.970095939473431201e-01
2.990141253574961633e-01
9.628925710571235586e-01
9.614639667542752566e-01
3.628538620553339866e-01
9.973020340297339414e-01
9.812986594791531791e-01
2.647011597207471478e-01
9.863065987588738315e-01
9.551707718628709154e-01
9.701159223927429132e-01
9.590341392555263855e-01
8.595219328298671080e-01
9.993479712650615854e-01
9.909723339613278892e-01
5.678671316301906469e-01
9.838008098175087257e-01
9.681925988644589642e-01
9.197434554631723769e-01
9.582415621242279524e-01
9.892556414099822337e-01
9.076184307429505660e-01
7.972996763733951608e-01
9.845054536434433290e-01
5.866452218544668806e-01
9.948646807552610216e-01
9.995986426982507167e-01
6.623783906884945782e-01
9.950373256106644915e-01
6.645940322039823878e-01
9.720105710255013687e-01
7.537962355142595605e-01
9.347467399794222587e-01
2.994322273769391418e-01
8.479502213338593331e-01
9.763706889952086243e-01
4.859739695676749682e-01
9.473913995768141749e-01
9.493269917220751308e-01
9.513247906693363953e-01
9.978410589348449822e-01
9.984512864275895128e-01
9.757279089187327337e-01
8.565120573386112435e-01
7.104684004266716979e-01
9.930401352435141993e-01
8.790645486805357400e-01
9.713485538215846926e-01
8.175626668985163104e-01
7.790007803126941521e-01
9.990509470188984054e-01
9.255713982714659505e-01
9.910055506329218389e-01
9.890224671497399589e-01
9.969523286100929749e-01
6.333722050315236940e-01
8.277302444315500773e-01
7.730589716240976461e-01
2.584051741975305627e-01
7.267373623574945318e-01
9.520846206146799107e-01
8.752884457794187778e-01
6.132562253693905063e-01
8.680560235989763784e-01
9.537345977050221135e-01
6.291297047588733093e-01
5.962218354659691855e-01
9.975954345055249028e-01
9.201193125107769433e-01
9.943710267438257144e-01
9.470858472185197385e-01
9.995611850711647595e-01
7.863188581151518974e-01
9.797251754500224674e-01
9.607223651623980620e-01
9.797066616009614259e-01
8.810389264551699018e-01
9.447344385611494699e-01
6.017395039716153526e-01
9.328166672124608150e-01
2.644683957482325543e-01
9.452102987983762583e-01
7.765421610205149872e-01
3.362437961823546151e-01
9.928012340860652429e-01
7.974835221331116886e-01
8.740871593446332133e-01
9.460062356192883160e-01
9.019862928877764308e-01
9.480572437800772745e-01
9.940769898326354825e-01
9.574674302986969643e-01
