5.086173794511166663e-02
1.994189356174947136e-01
3.897182298371609788e-02
1.110532055642893604e-02
1.283737898539521506e-02
4.266871596470684681e-03
1.235601713621095393e-03
5.410783691099527171e-03
3.157216856575218757e-03
5.463779198671072507e-02
1.739960957099876901e-02
3.156807042009762178e-03
4.689567450928523035e-02
4.159268995980989758e-01
8.393648784901829377e-03
1.561003465396423049e-03
4.152598723945531700e-02
1.029116258345862800e-04
1.089097517604052092e-03
5.723202170600780875e-02
6.891594020304987893e-06
2.588236830868905977e-02
3.685369182285879830e-04
2.612191703565307829e-03
1.772762977755242648e-04
3.146904964350517170e-02
4.993739505595541422e-04
7.834818484141005401e-03
6.787288754115086177e-03
4.543474340713640064e-02
8.893652863437265417e-04
1.884900973329368392e-03
4.881481489094084691e-02
5.406907511529502670e-05
7.005316565884398732e-04
9.948154138071275293e-05
6.498516165722403003e-03
1.343675474597951502e-01
3.800535005835728019e-03
1.736861885533200547e-02
7.906814433398497502e-03
1.865199762033560875e-04
8.191398117231524310e-04
1.642094553094835055e-02
7.810745444376180182e-04
7.553132003072848344e-04
6.893595117172522657e-02
1.374017345072608672e-03
3.047611559791145713e-04
2.734698753373060801e-02
4.444410658141413339e-01
7.350943587268352411e-03
7.887294186260211670e-04
2.046225931769363460e-01
7.996542907031538305e-02
9.430609269925991234e-04
6.103968685285377470e-03
5.692623318210523857e-03
1.278477918863269629e-04
3.107023803024201811e-03
5.232673011262084034e-05
8.520105630993548467e-04
1.412987721240295232e-03
1.773273769714597825e-02
1.491213884941120405e-04
1.544134502089409833e-01
2.554308078729019974e-04
9.047206877885968258e-04
3.962319069952439411e-03
3.233778340855622893e-03
2.420869177266480980e-03
1.259156917696130536e-02
5.397615233484304945e-04
2.993593261321182350e-02
8.990998853382131673e-02
2.128927761173127588e-04
2.525102745799519895e-04
1.841919165851920760e-04
2.253473641210137698e-03
4.471258471964914549e-02
4.705725740061266760e-01
2.169830258230797185e-02
8.345183532598944760e-05
6.372609937051633552e-04
5.099624625724991382e-05
1.182548019990924777e-03
2.675017053435874842e-02
1.840012902837280604e-04
1.534068599788140572e-03
6.353908999609401888e-04
5.126279002020881631e-02
8.809725118603523031e-02
1.877406978939851574e-04
8.041626527487283089e-04
6.805143066010838071e-01
1.262768664045122169e-01
2.614502430348208777e-04
4.468777106767253191e-03
4.100685093096905365e-04
3.299471120778767891e-02
1.332345132853146640e-03
2.235213337067380041e-02
5.306682387985844906e-02
2.193795324170440177e-03
5.698417702717777956e-03
8.897798258923509751e-04
1.385426211853044371e-03
1.445048852451600782e-04
1.148477081412729514e-02
6.817389197806424756e-04
9.529274244725185333e-03
6.646417975020894539e-05
6.418692760462186425e-04
2.925970957154625483e-03
1.819588568993599830e-05
1.615823477887941848e-03
3.615605893147665062e-02
6.714056382809884809e-06
3.055939260413857717e-03
1.164460578543310282e-01
9.079178364008620369e-05
5.543533803830968162e-04
1.061736708950285603e-03
2.534243480565168821e-02
1.823609269008162267e-02
1.495806076744906482e-02
8.655610574950046987e-03
9.587908466803686525e-02
4.626948252838602787e-04
5.714214337143292029e-03
1.605237438731922130e-03
1.770736950205214176e-03
2.071082873852894413e-01
4.723373432753029053e-03
8.226755058629922623e-04
1.444003523176693414e-02
2.561547816594681912e-04
5.202998588060290044e-03
3.269640662686801411e-05
3.884716511821247574e-04
3.264283828116922026e-04
1.347769654793043101e-02
5.153518345783813202e-03
2.619676767157710657e-03
2.472088036843961148e-04
1.494327059736079574e-04
1.522130272890364396e-03
3.779497175217040681e-03
4.140507853921723672e-04
8.020678606960774878e-03
8.332404376964726647e-03
2.063178464910715568e-05
5.230161103852664197e-04
4.412019839328163871e-05
2.491552728662733973e-01
2.050014043240849099e-02
1.988879690017569812e-03
6.434416462772429215e-06
1.478488974958985964e-03
1.256288582540564334e-03
1.258356856705040994e-01
3.729590338858859233e-04
7.232129825864689362e-05
6.605760230424809892e-03
1.139583885323001977e-03
3.830243042814868160e-01
7.440131968768650371e-04
1.110913988739267158e-03
1.248687677135947269e-05
3.493520112432556279e-03
3.571104940303314670e-03
3.349296095894136252e-03
1.712070567368033647e-01
1.961025555937235404e-03
1.296415872964915283e-01
8.698543504416277050e-02
1.038531312587061828e-01
2.449701246946881308e-02
3.048762711110118706e-02
4.273921714912963868e-03
4.900422712062002875e-03
1.922145932196344872e-02
1.379915998857741619e-02
1.963440971721042930e-03
1.689071909957327589e-01
6.640275382456748950e-04
1.128823874234031674e-04
1.432140820487397964e-02
8.457592505242792370e-04
1.610575577249354594e-03
4.995580428162677738e-05
1.995733510124947461e-03
6.794775904209672708e-04
2.308011961278470781e-04
6.753641595395844244e-02
8.581698350231979286e-05
4.758587128818889470e-04
7.034458912194600788e-02
1.250549913083356390e-01
2.227624112902338097e-02
1.253910506123698428e-02
6.243305522587904582e-03
2.740303999747499119e-03
1.515532129166946053e-02
7.716151876557629519e-03
5.644755395653140023e-02
7.829032804083761732e-02
3.171324932009739889e-02
7.215861893111917384e-03
4.908141619440427317e-03
6.560010278866631626e-04
5.087298484910431063e-05
5.320473228564731420e-03
2.985986289561319215e-02
1.958205069873171500e-02
9.023435758249738828e-03
8.702240088824511957e-03
1.188824616531237522e-03
1.296759283240840263e-03
1.127056303608280907e-01
4.640863514123614621e-03
1.988024933119465938e-03
5.009930188975950452e-03
3.468389666272101617e-04
6.062953390506416879e-02
5.122913857375337859e-02
4.616953821043857931e-02
2.783676030568447632e-03
2.158772818867009998e-03
1.892995392812760799e-03
3.156564586957848889e-02
1.503194512916396393e-02
4.140429184354727822e-03
5.694916665730367922e-03
3.411247413020332409e-02
2.671567258506054796e-03
7.389197656667938034e-03
4.006798206967494141e-02
1.112389214147238396e-02
5.391525245944444401e-05
1.454760458559190180e-02
8.042366071701976399e-03
1.804908497848617616e-03
5.548995859948115464e-03
1.398219413013922219e-02
8.392748236712243015e-01
1.881965188966203129e-02
5.372622708305669487e-02
2.851014747893995324e-02
1.452338243208107539e-02
8.081958760377840750e-03
1.434566966306285163e-01
2.210373929767430704e-04
2.634575463152986452e-04
1.775095936675573881e-03
1.019948227812744052e-02
1.873362911694293267e-02
4.732456080487804258e-03
2.710977932864355473e-04
1.574432600654238979e-05
4.276188348742829964e-03
1.195229168333464612e-02
8.708792697808527626e-05
5.074909342393987138e-02
1.871617150625697404e-02
2.078006367036571139e-03
3.891559993247311168e-04
9.041261389168045448e-02
2.176539600485170867e-02
1.782541525021004870e-03
9.850701931004662154e-03
1.565655703386868930e-03
9.307598059901041635e-04
4.126218168050509345e-03
9.420114238084597658e-04
7.042496600400608223e-03
1.078482808186563037e-02
9.621138575569346263e-02
1.311607082785821784e-05
1.503932860529605571e-02
1.189644112856549640e-01
1.685397676621550392e-02
9.176713984553859851e-03
8.813798439868398074e-03
1.359555017852557765e-02
6.457678065389653877e-04
2.013732437689041976e-01
1.944509631471254621e-02
2.599164036981654186e-02
2.367748159734939066e-03
2.188189840302370327e-04
3.621654306132725373e-04
2.008274171763695798e-02
3.631548303375278092e-03
3.374004666967799632e-02
7.122641168205244685e-05
5.334439533620566332e-02
1.199369440919954155e-04
1.975310434428236960e-03
1.813245142908597504e-03
1.979483627867733089e-02
9.472447994860731801e-02
1.014069479191304296e-03
4.413216569374957092e-03
9.666803019153279511e-04
7.143503059752427989e-05
1.293220661227199690e-02
3.327835663651810497e-03
2.216963168980997777e-03
6.920538695130662400e-04
3.716728772318321494e-02
1.663479999832341149e-04
1.841209154867490955e-02
1.992376289738935491e-02
3.339883331893100466e-05
3.050741435765759024e-03
4.014964090901294858e-02
1.388985652741738398e-03
1.431354935055693001e-05
5.124536409104216931e-04
7.919468725066115475e-03
5.875629602415353980e-04
1.414696651335323185e-01
8.132618672653263046e-04
5.442395242475639439e-03
5.148077206295605633e-03
3.483991688878960470e-03
9.556674901516052268e-05
2.502725522235696876e-03
3.363940762228891102e-02
2.745842519353880289e-03
2.729797873834376013e-04
1.437452527469306948e-02
1.628234758815910331e-04
2.193014635254712102e-02
9.308776482907898941e-02
1.545895377479706168e-04
4.247741645128652810e-05
1.695688058212157234e-01
1.139836856994742575e-01
2.397329786178596214e-05
3.310438343959961932e-04
3.305722406486182041e-02
1.574542538959646399e-03
7.043195777982255712e-02
4.548153900678365835e-02
8.778092625709441044e-02
1.098763200542991481e-01
8.491326978942310977e-02
1.520329151262637436e-02
1.221291400111383261e-04
2.877265999828225104e-02
6.360933818569825676e-05
5.129897130865626945e-03
6.454313031734379980e-01
1.238842286464177794e-02
3.943807440107362505e-01
5.851827373893162508e-03
1.548791669733145214e-02
5.019338622647408539e-06
2.416272245370447555e-05
5.169886982979898793e-02
8.551022048423461142e-01
1.770390246925329925e-01
6.035288460871807712e-04
2.106506888320149983e-04
3.289122725529365437e-04
4.722224850164306875e-02
7.288857495912630380e-02
3.897611742451055649e-04
4.261235381587893251e-02
4.166488289312261090e-03
2.726309178780763620e-01
1.461638517437142241e-05
8.980366508625381872e-04
1.058813676435532263e-04
3.017469057832002435e-02
8.806571139765982659e-03
1.735198178209106188e-03
9.613114525205594674e-02
3.038463107550043452e-02
3.318534381732845574e-04
4.250633571297063318e-02
2.385248319708758134e-03
5.285563789667569595e-02
9.588623844096202387e-01
1.749838919160429931e-03
3.176894250240031481e-04
2.190675335188539685e-01
6.078977996007917106e-01
1.366652905084013046e-03
3.461253302717725200e-04
1.487049322811507049e-02
2.445704719186608204e-03
6.891209157768390069e-04
5.926581983740072251e-02
4.069818035763510429e-03
7.832056633581722244e-03
7.271393649554092065e-03
9.851045346293784560e-03
6.557459103223378660e-02
5.179354650686202044e-02
8.587234524989850162e-05
4.455496908962050463e-04
1.385227469096214452e-04
1.843080520593887162e-02
1.628939353956546446e-02
3.466585721745300570e-03
5.094876037740666413e-02
3.474735689983032144e-02
1.779054521952666817e-03
9.299113476272128850e-03
9.524935250022503741e-02
9.819772253829594545e-04
1.078584961374262586e-03
1.496029494540492173e-02
5.130007325948750252e-02
1.125612979068496425e-03
5.143298673432303118e-03
8.875057599582195306e-04
1.002710485463376329e-02
5.134703184188630287e-04
2.696815530193037019e-03
1.237410408490876418e-04
5.100798601766896216e-04
5.698411495153858251e-04
9.918675919854985645e-03
2.141584194218367279e-03
1.800854922124867303e-03
3.000646162080851664e-01
5.640739655761046745e-01
7.753872662890378201e-03
1.133009987009673361e-05
4.776136278606847065e-03
6.037461421500539376e-03
4.324277031033359002e-04
4.607089638967336483e-03
1.174508790080067144e-01
6.280725653878820470e-04
1.675430798508814254e-02
4.287314689208173574e-03
3.333191741684937009e-02
1.046422180908718376e-04
7.734823384819863520e-03
7.712664704611932754e-04
3.407055077677792563e-03
5.128820535803612713e-04
6.318105589896154568e-04
2.832267694143691603e-04
1.852067012221775277e-02
1.972361627710380455e-02
6.796255949001746288e-02
1.284677004634471320e-02
3.095949484415287580e-03
1.392784076786308207e-03
2.517313237644679125e-02
6.386697032823982489e-01
3.250522261486277903e-02
9.649689386994175777e-03
8.440757583014151617e-04
1.484880489804645681e-03
6.098636747765842463e-03
2.869409191935507700e-03
7.214701366395839680e-04
5.288805432443623817e-04
5.403345131061211733e-03
1.431443037639640661e-04
8.720672156236942280e-03
1.489907404634810938e-02
3.743786219144001589e-04
2.420360147376792587e-02
2.188494564083326085e-02
2.446222287087743618e-04
1.281008548350676915e-04
2.225606584482041090e-03
3.207018410485019955e-02
5.256909311641476228e-03
1.536309500756291059e-02
1.119946544088723864e-03
2.569913320855325006e-04
7.545796311980027329e-04
3.297362643901421194e-04
2.500551153602670242e-04
4.369700671592393476e-03
2.590402004780790191e-01
2.909349030545324392e-03
3.328865719286183428e-03
6.071856722313817567e-02
7.334811330139629285e-04
4.182107681671675661e-05
2.406175843853294860e-01
1.850097308895665843e-02
2.379919706882784730e-02
3.637950755394923907e-02
4.650719614935283701e-05
2.828412019646669474e-03
2.631811915177754719e-03
8.090737477261364732e-03
2.227517340622227893e-01
4.533010032634325631e-05
1.592086803294226645e-03
1.852557055955302706e-02
5.264734273353149224e-03
2.872470684564981295e-05
1.923368677607904852e-03
1.733434717219336336e-04
1.013709332003754141e-02
2.190266884030768035e-03
2.126624454033934283e-02
3.211173722020072008e-02
9.580386462328842334e-02
3.486890754502342538e-01
1.345658002490991798e-03
1.969144581591568688e-01
2.602818571529776429e-03
1.759619780320335284e-03
4.664474480508910273e-04
1.031661479894258434e-04
8.619117711354769285e-02
9.577586816912506086e-05
1.302149909777962702e-02
1.840869607798575544e-02
6.071719232375239438e-03
7.906795525772644662e-02
6.006172773814777432e-02
2.463608668370183361e-04
2.264440873190962447e-02
9.510934937489616070e-05
1.116240746855975880e-05
6.148366796480545307e-04
1.527687147998377888e-03
1.055399846299978931e-03
3.861589498335255780e-04
6.004859837585999754e-02
6.069113631133466998e-04
6.594734573945131295e-01
5.369957534371535592e-04
2.960547273581361563e-03
4.142185959991100336e-04
8.049328899782181397e-04
3.812087965845592876e-04
9.143275677446539851e-02
5.046619888773870924e-04
2.650183842035418354e-03
3.168871890009771763e-01
9.006159799857503274e-04
7.243869557307608485e-04
1.637441193099329478e-02
1.598561587442608525e-02
1.527881139124039576e-03
3.456118556892406776e-05
3.655394199512784618e-04
4.982799694753808732e-03
1.905442085729226970e-04
1.650078828661508687e-03
6.910730141583140088e-04
7.466278381233294520e-04
3.687052940513300936e-04
4.005073104310504189e-04
3.112955552356649609e-04
1.478405893028438760e-04
9.128916823542660222e-03
2.344585079579653702e-02
1.566097925300009267e-04
3.132860704126103069e-01
2.116371750760034573e-02
2.956314445340706837e-03
2.955731141012454388e-03
4.159820515160750592e-04
2.999715196967308803e-02
1.539103021372765752e-03
1.808711357749039333e-03
3.408094867664455876e-04
3.372880968597668505e-01
9.282806073801459085e-03
6.645308639826957853e-03
9.607731163398573965e-04
9.672580200885303278e-06
7.461522425747505773e-03
8.678519449441470142e-04
1.779640943127408774e-04
1.531372667815296797e-03
5.977846819242819563e-05
5.134958456973843371e-02
1.320361462822199983e-03
1.509779062768949465e-01
1.289942948978255004e-02
4.297768500708445960e-02
9.787213576105838284e-04
5.065881779941266462e-03
3.025327038666362767e-01
1.131702460307641451e-03
4.806411715589631838e-03
3.465216282501570322e-01
7.510417641973709570e-03
9.590130393095760628e-05
2.498586123735004397e-02
4.476688920905512806e-03
8.233324529418261165e-03
1.914265852019193109e-02
1.041396609390851657e-02
1.244305525537938979e-04
4.634537869032062337e-04
2.295810613145254572e-02
2.320571158997423999e-01
1.608562857342094379e-02
1.468825564535273989e-03
4.415005115542446762e-03
8.525446883689250140e-04
4.316791268958495393e-04
5.456715569250638470e-02
6.424593253004637905e-01
1.431459870127997375e-04
1.645264532322142001e-04
6.892553575997803538e-04
2.850505588038909372e-03
1.502521024624039938e-03
2.393006726705095065e-04
7.245899714562593213e-03
7.877143491037205680e-02
4.938215584799807156e-01
2.239053523587599998e-04
2.885462812515531689e-02
1.428377769729504570e-04
4.470394324506658454e-03
9.556117693445451491e-03
1.119147753407112762e-02
1.407988693976150972e-02
1.718235942325548049e-01
2.343623220646057551e-04
1.486148943234021341e-03
7.808029668727518857e-03
1.765404093440456901e-01
1.515330084764097876e-04
5.226634822326200157e-03
1.439532546296437950e-05
7.881382977697631333e-04
1.470489812623574939e-03
1.654650602985834355e-03
7.481676187108340795e-04
4.547553120960629719e-02
1.367251348295541034e-05
2.126292559628841991e-02
3.277634803893260959e-04
9.283109369298579022e-03
2.987010926642998565e-04
2.036776319991959877e-02
3.090058275123960807e-02
1.350123710964975243e-01
4.241760816841919210e-04
1.995549442335156909e-01
1.122486958418559971e-01
1.906547859874800910e-01
2.996004634253379446e-03
1.394531011164692746e-01
6.986831482211456083e-04
1.704448335854506502e-01
5.017307364307527218e-03
1.157470075778223827e-03
3.903708629586845876e-06
1.265943986919398911e-03
9.308665720950359129e-03
2.083245559463372826e-03
6.035755040599934118e-02
1.607718167643748530e-02
4.737015140632418707e-03
9.137240236540693531e-04
2.358138968703947513e-02
1.182545134347049061e-02
4.350230602131073543e-02
2.838308264799244834e-02
7.985029162001198305e-03
5.044982348817757256e-02
9.720901986925061314e-04
3.730749129641538066e-04
2.024071846148781421e-04
1.830847587866225520e-02
9.807614166479244888e-02
1.819440308245443005e-02
4.027711842192121389e-02
3.869237910488123461e-02
1.613417949681077667e-04
1.341781520526188348e-03
4.861685686570206208e-03
1.956510301629091619e-01
9.430912845736960995e-03
1.347555747188600161e-01
2.448556481718331627e-03
5.340380677473603732e-03
4.961129072168315481e-03
2.199961383715218211e-02
8.137090290382288996e-03
9.757175216224295289e-03
6.138956783690201896e-02
2.847195164984555596e-04
1.180359711884364747e-02
1.485670572699608139e-03
6.178386577444315954e-05
1.952088007690352739e-04
9.170488337982306065e-04
1.581863477189874938e-04
4.157898335659161206e-03
2.108237606299428329e-02
1.558807468167524874e-03
1.083861873105302839e-02
9.129336508286911740e-04
6.797185688024821870e-03
1.134674822206123944e-03
4.521366835369714648e-02
7.358271423592224877e-04
9.862367602980424142e-01
7.018684373510549173e-04
1.543285848904510577e-04
4.689008187666097007e-04
3.909185090385831549e-03
6.172568596609396829e-01
1.214214398452906222e-03
1.879039015534463009e-02
1.731331120869313359e-02
3.906759206565089959e-02
1.283454327224788603e-02
2.646762402698482272e-02
1.782355192106186911e-02
1.286191891961999817e-02
6.036002104708853080e-03
2.861598142507481755e-04
9.363268878741334150e-03
3.017783974759129240e-02
1.291515388388225945e-02
4.250688474259380870e-04
8.118248524350817757e-04
2.039571682816417129e-03
1.448570480805144427e-05
1.755300331571063360e-03
3.047955872707295427e-02
3.588432338675724524e-03
5.437201259551345924e-04
1.825558557266282814e-02
6.052309580211256979e-02
3.841991256652968478e-02
3.781800876367220898e-02
6.302899900465961606e-05
1.552047247081015345e-02
1.262864135847184674e-03
1.518521647699553646e-02
2.159816226387567713e-03
8.953176421048368236e-03
9.994300808277307990e-02
1.287218021727192657e-03
1.487250963671324453e-03
1.820992712614519053e-03
1.528294815684598795e-01
1.046840607347541833e-04
3.495179757194157260e-04
2.475538018948206243e-02
2.927481396746162297e-04
4.845424886377567852e-01
6.700235681180574665e-02
2.458559517776821510e-02
1.063963274227730602e-03
1.361431642244629843e-03
8.226784716556738430e-03
4.659667747875510108e-02
6.105759816242086228e-05
3.672275642662879962e-03
3.149270036329502361e-03
3.561980967030361784e-03
1.949485063972586927e-03
1.187539059190161929e-02
5.679460040967331674e-02
7.782282248601805896e-02
2.397511853987383673e-02
4.501453463057272786e-02
3.115155589477727928e-05
2.540170499435712419e-04
6.830239558641508155e-03
2.911143061784916136e-02
1.402914527738300656e-03
1.263500656845647011e-02
6.080903291676138887e-04
4.095133657302237420e-04
2.317881622171762829e-03
3.776792171568699175e-02
1.747927793530802730e-03
7.223453314656025533e-03
4.742009135983173661e-03
3.708145904205128671e-03
4.621608736399869798e-05
1.153915657215789092e-01
5.774566572542700607e-04
8.862812609529039515e-03
6.962890629562420650e-03
2.016876251268908196e-02
2.585489032953395758e-02
8.798117337953004213e-02
8.927609549568397279e-03
3.173092888057351259e-04
2.316093053283688891e-02
1.161478451674125001e-02
9.088390224392371448e-04
3.780302823945659401e-05
2.544118944066914995e-02
6.350434051346083054e-03
6.368039385953755752e-03
5.143714506295981020e-04
1.268878963798182786e-04
1.548079578735421513e-01
2.788201742714791821e-04
3.032561233590953909e-05
7.603098083978482833e-05
4.515080423639130161e-03
2.933341704400133781e-02
3.261937703402961655e-03
2.701632258262004482e-01
3.882939153783121489e-02
4.246924068473902775e-03
1.056812540049278373e-03
1.207528339038656771e-02
7.972529341893706822e-03
4.934434409244584790e-02
7.671712334599130323e-03
4.908708383114296706e-03
1.819379937070703390e-01
2.395107203689463005e-02
5.330089896263646239e-05
8.998752638138212247e-04
3.640010216562558631e-04
4.643171269075053987e-04
3.035316358832753844e-02
6.628481080855033299e-06
4.321879590163783553e-04
6.576726165521316024e-03
1.291028576331918268e-02
5.770896229381504705e-01
1.274304514264430386e-04
7.416018530365844474e-04
2.344929832957655478e-04
1.481761623197827596e-05
1.364199966556353671e-02
2.368099177319786530e-02
1.717546066330179438e-04
7.752642127492349600e-01
1.934278258787071954e-04
1.253695343746078351e-04
8.020158153775269749e-03
2.310626819098875531e-02
1.865899723959871942e-03
2.667807863887683775e-02
5.460528046183434764e-02
6.834013750008178720e-03
2.497101132672902338e-04
6.387845462178676909e-04
3.900342033973063622e-04
2.971005850048492533e-02
3.754410843112525450e-04
4.165638200472967373e-03
5.975986918274356699e-03
1.040540557326063570e-01
6.208032853818899743e-02
5.924680679437460164e-03
3.032966106378448198e-02
5.734034408516893756e-03
4.243400386753993885e-03
3.958751395383231842e-04
1.769194052204374641e-04
5.089118726998763604e-04
9.404367182880954412e-02
2.358595085156319285e-02
1.036861058374322422e-02
6.634192281305227937e-03
1.079871967616702734e-03
3.708229384505697807e-02
2.986662553077768217e-03
1.639984550045398698e-03
7.584566429394976658e-04
5.008117608958113237e-05
5.853545116673987241e-03
4.194228123147260469e-05
9.723029529601638805e-04
2.653705113438866066e-03
3.567382023884039730e-03
1.216064913089276618e-02
7.688909594151439484e-04
1.966366120342654506e-04
1.462747463739670715e-03
8.549515629830764518e-03
1.495033073837555293e-01
1.743582978631069876e-03
2.087054366673505440e-03
1.102732899593280523e-04
7.489226070451145438e-04
6.714394993006588626e-05
1.276545138605007053e-03
4.323338090955287059e-03
9.407487895047542126e-03
4.884023235338587343e-02
1.394168851577604340e-01
3.760715687916211820e-04
6.985620040712164653e-04
1.831446249239055551e-02
9.093885132316797612e-03
2.233968311879989520e-03
1.992670769449312630e-04
5.824730741567499866e-04
7.973095049961404510e-04
1.418130686544605973e-03
1.394495272725101553e-03
1.311142591134364238e-02
2.299229497063944028e-01
8.046257828948373547e-02
1.753545170354049373e-02
5.490746380810187545e-03
1.737993071817308874e-02
6.630773957689834197e-06
3.009120165483765777e-02
5.309243484932477664e-01
3.059064741985824676e-01
2.282655567010708278e-02
1.235916621330770352e-04
6.940144149320363887e-04
4.657578082926175367e-03
6.316524898406338916e-04
1.142706116504900107e-04
2.324796684946698819e-02
5.476299293559308600e-04
2.144937987750296458e-03
4.509537515581979114e-03
7.506813880114372207e-04
4.885774485994659293e-03
1.570565635147080496e-04
1.399856958101077312e-02
5.065317834218708605e-03
9.596699247017947531e-04
1.000015344546633378e-01
4.553038105066835595e-01
1.793942442649773539e-02
1.468859448173374591e-03
6.029811651916262664e-03
8.974713592903742806e-05
8.742457398122574497e-02
6.340430602954700472e-04
2.431196119748737020e-02
1.356460216908832728e-01
2.394813276775891731e-01
1.175974348390196019e-03
1.999054017465685118e-01
1.879443613504770162e-03
2.257557540769740770e-04
4.541429264361986767e-03
1.134430809234597104e-04
9.412994997109633277e-02
1.814941418965041367e-05
1.000948799923877502e-04
1.291253505863464743e-04
2.222750138684042773e-04
7.609272699923908586e-04
1.448800782020054530e-02
6.320213804755168627e-03
2.133716768590476071e-02
5.904342895472546732e-03
2.984213921825061844e-01
1.090853620557313136e-02
1.481085877605616149e-04
2.369863297102466917e-04
4.883329279706730142e-02
7.602965152833091988e-05
4.338992018131260231e-03
5.788645318036940782e-04
2.910956377912716771e-04
2.789952888203033055e-02
2.485820161923956904e-04
3.584847198577913174e-02
4.948679682344096081e-02
4.011224187110051277e-03
5.190708360214272730e-04
2.032516901304824708e-02
3.747888055007222996e-02
4.801806075364669843e-03
2.906380436618996935e-02
6.180794052057586412e-03
4.851884708222289184e-04
1.396692562270649470e-03
3.254023074421336808e-04
1.136562192544532911e-02
1.385983396011930735e-05
3.875727312805196927e-03
9.038022446168158077e-05
7.867662771507618084e-04
3.967730691678275079e-01
1.249037575768654172e-02
2.623443160376929661e-03
1.716671491605261291e-04
1.416070559500775530e-03
8.632253734739114490e-03
1.138410281364216504e-03
3.411021082875669626e-03
9.366291840628976698e-03
1.396586487258381004e-04
1.363748575520094299e-02
2.879121860620030907e-02
9.553504904982891288e-01
5.241326243884021352e-01
8.903366420191106689e-01
8.352863567669036593e-01
8.670583556724061891e-01
6.052466664899497362e-02
3.099375479009200407e-01
3.483294419176622969e-01
9.565282598251610979e-01
3.886071914301893887e-02
6.553558224021200918e-01
5.977982511340764749e-01
4.465739425088361553e-02
9.651090331071432438e-01
8.467363311022811923e-01
2.745988574758537540e-02
8.246455195245755432e-01
6.705651643130802197e-01
7.586701031165681286e-01
6.246188746050467255e-01
3.262175994957487446e-01
9.872508957146797215e-01
8.927523780747428361e-01
9.096259348483271001e-02
7.861756387100458099e-01
6.603813116279867446e-01
4.868485699164175062e-01
6.446722185389639481e-01
8.842554850639712249e-01
4.171231644121465854e-01
2.085067260060203265e-01
7.987206908855062348e-01
1.195571291350930598e-01
9.250341275343576530e-01
9.924926589565625790e-01
1.562280240287205468e-01
9.306261846317714914e-01
1.382852117150473736e-01
7.604365948589728585e-01
2.423416776605206713e-01
5.525382900577557876e-01
4.223915132146657120e-02
3.271032883531438951e-01
7.969025620670353582e-01
9.103517174767222775e-02
5.517084506478691086e-01
6.493965115879939409e-01
6.118498394026175013e-01
9.673832048766499714e-01
9.771868025733838614e-01
7.636757610458152490e-01
3.475964952112668427e-01
1.847990966851560668e-01
9.218980603430561027e-01
4.190005452241797324e-01
7.598454778010870214e-01
2.453014121499852707e-01
2.005516897229188411e-01
9.871559270602382474e-01
5.075573062246805378e-01
8.760951006727732970e-01
8.510897709775016029e-01
9.557743009529641176e-01
1.379340874052429611e-01
2.683568239072454675e-01
2.242980978008187187e-01
3.053983142560915895e-02
1.951079972576467980e-01
5.833474344854500115e-01
3.605676398502124513e-01
1.255236625592981159e-01
3.471802374052627149e-01
6.514534079009784984e-01
1.205925792349719222e-01
1.338288238038239930e-01
9.620744657657871457e-01
4.976104203869327058e-01
9.217627624602882097e-01
6.009433063646268947e-01
9.935304935381078506e-01
2.788819274625543021e-01
7.773909352635394177e-01
6.747434514828744012e-01
7.521116396146052541e-01
3.907023730901588165e-01
5.631807593122752920e-01
1.204460403882027103e-01
5.438711338210415747e-01
3.249798572861047063e-02
5.582144086856686283e-01
2.916108329275707844e-01
4.784763816371020301e-02
9.084698757304232597e-01
2.792629452342106355e-01
3.322778866760433547e-01
6.144113564410159656e-01
4.315568029311475651e-01
5.333259031689562280e-01
9.292895311633203592e-01
6.645321225381879415e-01
